poseId, timestamp, T00, T01, T02, T03, T10, T11, T12, T13, T20, T21, T22, T23, T30, T31, T32, T33
1669300749_12229888, 1669300749.012230, 0.825792, -0.563855, 0.011617, -1.618665, 0.563953, 0.825768, -0.008079, 0.256215, -0.005037, 0.013223, 0.999900, 0.816902, 0.000000, 0.000000, 0.000000, 1.000000
1669300754_12974848, 1669300754.012975, 0.831748, -0.555080, 0.008986, -0.638981, 0.555139, 0.831733, -0.006426, 0.046056, -0.003907, 0.010333, 0.999939, 0.804330, 0.000000, 0.000000, 0.000000, 1.000000
1669300760_113536768, 1669300760.113537, 0.837943, -0.545617, 0.012427, 0.440609, 0.545708, 0.837957, -0.005547, -0.190315, -0.007387, 0.011429, 0.999907, 0.781196, 0.000000, 0.000000, 0.000000, 1.000000
1669300761_313838592, 1669300761.313838, 0.839717, -0.542855, 0.013523, 1.472124, 0.542942, 0.839763, -0.003551, -0.428036, -0.009429, 0.010324, 0.999902, 0.769013, 0.000000, 0.000000, 0.000000, 1.000000
1669300767_213081344, 1669300767.213081, 0.842126, -0.539233, 0.007234, 2.494625, 0.539257, 0.842140, -0.001712, -0.669174, -0.005169, 0.005343, 0.999972, 0.748433, 0.000000, 0.000000, 0.000000, 1.000000
1669300768_313561088, 1669300768.313561, 0.840833, -0.541157, 0.012206, 3.483367, 0.541235, 0.840861, -0.004199, -0.901288, -0.007991, 0.010137, 0.999917, 0.731522, 0.000000, 0.000000, 0.000000, 1.000000
1669300773_814076672, 1669300773.814077, 0.839899, -0.542628, 0.011166, 4.491672, 0.542712, 0.839892, -0.006653, -1.135742, -0.005769, 0.011648, 0.999916, 0.712690, 0.000000, 0.000000, 0.000000, 1.000000
1669300775_314065152, 1669300775.314065, 0.840628, -0.541457, 0.012984, 5.521139, 0.541598, 0.840540, -0.012776, -1.377307, -0.003996, 0.017772, 0.999834, 0.699596, 0.000000, 0.000000, 0.000000, 1.000000
1669300782_913921536, 1669300782.913922, 0.827111, -0.562005, 0.006178, 6.517479, 0.562038, 0.827064, -0.008855, -1.593934, -0.000133, 0.010796, 0.999942, 0.679630, 0.000000, 0.000000, 0.000000, 1.000000
1669300784_413624576, 1669300784.413625, 0.766634, -0.641968, 0.012225, 7.574514, 0.642068, 0.766610, -0.007524, -1.783323, -0.004541, 0.013618, 0.999897, 0.665695, 0.000000, 0.000000, 0.000000, 1.000000
1669300785_913969152, 1669300785.913969, 0.782189, -0.622777, 0.018113, 8.616954, 0.622970, 0.782208, -0.007680, -1.906027, -0.009385, 0.017291, 0.999806, 0.644975, 0.000000, 0.000000, 0.000000, 1.000000
1669300796_114328064, 1669300796.114328, 0.807751, -0.589485, 0.006834, 9.635584, 0.589520, 0.807648, -0.013075, -2.059454, 0.002188, 0.014590, 0.999891, 0.622483, 0.000000, 0.000000, 0.000000, 1.000000
1669300797_514620416, 1669300797.514620, 0.811864, -0.583737, 0.011317, 10.656174, 0.583844, 0.811767, -0.012684, -2.235170, -0.001782, 0.016905, 0.999856, 0.604514, 0.000000, 0.000000, 0.000000, 1.000000
1669300798_914700800, 1669300798.914701, 0.814623, -0.579798, 0.014954, 11.654168, 0.579953, 0.814592, -0.009709, -2.417276, -0.006553, 0.016582, 0.999841, 0.585925, 0.000000, 0.000000, 0.000000, 1.000000
1669300804_715071232, 1669300804.715071, 0.818915, -0.573900, 0.004069, 12.643497, 0.573912, 0.818872, -0.008538, -2.608396, 0.001568, 0.009327, 0.999955, 0.568995, 0.000000, 0.000000, 0.000000, 1.000000
1669300806_15306496, 1669300806.015306, 0.818272, -0.574779, 0.007743, 13.647044, 0.574824, 0.818255, -0.005977, -2.799264, -0.002901, 0.009342, 0.999952, 0.557868, 0.000000, 0.000000, 0.000000, 1.000000
1669300807_415482112, 1669300807.415482, 0.815640, -0.578466, 0.010442, 14.719385, 0.578539, 0.815632, -0.006097, -3.002910, -0.004990, 0.011014, 0.999927, 0.538674, 0.000000, 0.000000, 0.000000, 1.000000
1669300813_216238336, 1669300813.216238, 0.813646, -0.581149, 0.015654, 15.739415, 0.581313, 0.813629, -0.009127, -3.189801, -0.007433, 0.016526, 0.999836, 0.522274, 0.000000, 0.000000, 0.000000, 1.000000
1669300815_16923136, 1669300815.016923, 0.761294, -0.648245, 0.014470, 16.740715, 0.648383, 0.761266, -0.008547, -3.340675, -0.005475, 0.015889, 0.999859, 0.498879, 0.000000, 0.000000, 0.000000, 1.000000
1669300816_816664832, 1669300816.816665, 0.818480, -0.574403, 0.012329, 17.724948, 0.574523, 0.818415, -0.010992, -3.552825, -0.003777, 0.016080, 0.999864, 0.483714, 0.000000, 0.000000, 0.000000, 1.000000
1669300818_516651008, 1669300818.516651, 0.784935, -0.619576, 0.001257, 18.757140, 0.619577, 0.784929, -0.003363, -3.703559, 0.001097, 0.003419, 0.999994, 0.466852, 0.000000, 0.000000, 0.000000, 1.000000
1669300831_518014976, 1669300831.518015, 0.782143, -0.623005, 0.010801, 19.784853, 0.623086, 0.782122, -0.007079, -3.834956, -0.004037, 0.012266, 0.999917, 0.456339, 0.000000, 0.000000, 0.000000, 1.000000
1669300832_818230528, 1669300832.818231, 0.781275, -0.624061, 0.012504, 20.811399, 0.624138, 0.781307, -0.003262, -3.964710, -0.007733, 0.010353, 0.999917, 0.436587, 0.000000, 0.000000, 0.000000, 1.000000
1669300834_218391552, 1669300834.218392, 0.791280, -0.611327, 0.012462, 21.859798, 0.611423, 0.791280, -0.006141, -4.106220, -0.006107, 0.012479, 0.999903, 0.418861, 0.000000, 0.000000, 0.000000, 1.000000
1669300840_18535168, 1669300840.018535, 0.797209, -0.603700, -0.001876, 22.897051, 0.603683, 0.797204, -0.005711, -4.267777, 0.004943, 0.003420, 0.999982, 0.406120, 0.000000, 0.000000, 0.000000, 1.000000
1669300841_618792960, 1669300841.618793, 0.797724, -0.602972, 0.007882, 23.915904, 0.603015, 0.797711, -0.005383, -4.424268, -0.003042, 0.009047, 0.999954, 0.392928, 0.000000, 0.000000, 0.000000, 1.000000
1669300847_519022848, 1669300847.519023, 0.800511, -0.599205, 0.011681, 24.917173, 0.599295, 0.800500, -0.006775, -4.581903, -0.005291, 0.012423, 0.999909, 0.375152, 0.000000, 0.000000, 0.000000, 1.000000
1669300849_19235072, 1669300849.019235, 0.800126, -0.599725, 0.011337, 25.964404, 0.599790, 0.800151, -0.003267, -4.747142, -0.007112, 0.009414, 0.999930, 0.355899, 0.000000, 0.000000, 0.000000, 1.000000
1669300850_518771456, 1669300850.518771, 0.800478, -0.599301, 0.008598, 26.995263, 0.599362, 0.800422, -0.009530, -4.914053, -0.001171, 0.012782, 0.999918, 0.335696, 0.000000, 0.000000, 0.000000, 1.000000
1669300856_618756608, 1669300856.618757, 0.803717, -0.594973, 0.006777, 27.984655, 0.595011, 0.803688, -0.006952, -5.076960, -0.001310, 0.009619, 0.999953, 0.323290, 0.000000, 0.000000, 0.000000, 1.000000
1669300857_919215104, 1669300857.919215, 0.803703, -0.595004, 0.005708, 28.996575, 0.595009, 0.803718, 0.000809, -5.242607, -0.005069, 0.002746, 0.999983, 0.305396, 0.000000, 0.000000, 0.000000, 1.000000
1669300859_219601920, 1669300859.219602, 0.803832, -0.594629, 0.016467, 30.005550, 0.594779, 0.803866, -0.006127, -5.415269, -0.009594, 0.014719, 0.999846, 0.295269, 0.000000, 0.000000, 0.000000, 1.000000
1669300866_918524416, 1669300866.918525, 0.806113, -0.591710, 0.007841, 30.999763, 0.591752, 0.806106, -0.004755, -5.584184, -0.003507, 0.008473, 0.999958, 0.273099, 0.000000, 0.000000, 0.000000, 1.000000
1669300870_418907648, 1669300870.418908, 0.829777, -0.557851, 0.016492, 32.002156, 0.557974, 0.829850, -0.003729, -5.754118, -0.011606, 0.012296, 0.999857, 0.247010, 0.000000, 0.000000, 0.000000, 1.000000
1669300905_618092800, 1669300905.618093, 0.824313, -0.565900, 0.016308, 33.000134, 0.565986, 0.824414, -0.000864, -5.987950, -0.012956, 0.009942, 0.999867, 0.230663, 0.000000, 0.000000, 0.000000, 1.000000
1669300908_317366784, 1669300908.317367, 0.786347, -0.617526, 0.017896, 34.015716, 0.617661, 0.786440, -0.002681, -6.152486, -0.012419, 0.013162, 0.999836, 0.212525, 0.000000, 0.000000, 0.000000, 1.000000
1669300910_517833984, 1669300910.517834, 0.817231, -0.575934, 0.020804, 35.030718, 0.576144, 0.817330, -0.005506, -6.336241, -0.013833, 0.016485, 0.999768, 0.188985, 0.000000, 0.000000, 0.000000, 1.000000
1669300916_317004288, 1669300916.317004, 0.824205, -0.566213, 0.009449, 36.023613, 0.566273, 0.824200, -0.005454, -6.535363, -0.004700, 0.009847, 0.999940, 0.167557, 0.000000, 0.000000, 0.000000, 1.000000
1669300917_616666880, 1669300917.616667, 0.824416, -0.565596, 0.020934, 37.059315, 0.565839, 0.824478, -0.007898, -6.743455, -0.012792, 0.018356, 0.999750, 0.144761, 0.000000, 0.000000, 0.000000, 1.000000
1669300919_16508928, 1669300919.016509, 0.821422, -0.570169, 0.013172, 38.088582, 0.570262, 0.821449, -0.004648, -6.951276, -0.008170, 0.011329, 0.999902, 0.121883, 0.000000, 0.000000, 0.000000, 1.000000
1669300920_317949696, 1669300920.317950, 0.766088, -0.642582, 0.014040, 39.108510, 0.642710, 0.766069, -0.007873, -7.102473, -0.005697, 0.015056, 0.999870, 0.105870, 0.000000, 0.000000, 0.000000, 1.000000
1669300929_616830720, 1669300929.616831, 0.809355, -0.587265, 0.007999, 40.102320, 0.587315, 0.809324, -0.007426, -7.268269, -0.002113, 0.010709, 0.999940, 0.092436, 0.000000, 0.000000, 0.000000, 1.000000
1669300931_517310464, 1669300931.517310, 0.812882, -0.582303, 0.012087, 41.106150, 0.582392, 0.812888, -0.005665, -7.446381, -0.006527, 0.011644, 0.999911, 0.074509, 0.000000, 0.000000, 0.000000, 1.000000
1669300937_716847616, 1669300937.716848, 0.816755, -0.576979, 0.002468, 42.124145, 0.576981, 0.816729, -0.006840, -7.634683, 0.001931, 0.007011, 0.999974, 0.060039, 0.000000, 0.000000, 0.000000, 1.000000
1669300939_416477440, 1669300939.416477, 0.814507, -0.580062, 0.010272, 43.154746, 0.580121, 0.814522, -0.003830, -7.825814, -0.006145, 0.009078, 0.999940, 0.040083, 0.000000, 0.000000, 0.000000, 1.000000
1669300941_18230784, 1669300941.018231, 0.811090, -0.584878, 0.007083, 44.187852, 0.584918, 0.811068, -0.006383, -7.969183, -0.002012, 0.009321, 0.999955, 0.031978, 0.000000, 0.000000, 0.000000, 1.000000
1669300947_816991744, 1669300947.816992, 0.825013, -0.565067, 0.007229, 45.195520, 0.565095, 0.825023, -0.002352, -8.159779, -0.004635, 0.006026, 0.999971, 0.017557, 0.000000, 0.000000, 0.000000, 1.000000
1669300950_417008128, 1669300950.417008, 0.824560, -0.565724, 0.007501, 46.204392, 0.565771, 0.824527, -0.007674, -8.363641, -0.001843, 0.010572, 0.999942, -0.000087, 0.000000, 0.000000, 0.000000, 1.000000
1669300953_17185792, 1669300953.017186, 0.782629, -0.622472, 0.004600, 47.226768, 0.622489, 0.782610, -0.005366, -8.525312, -0.000260, 0.007064, 0.999975, -0.019011, 0.000000, 0.000000, 0.000000, 1.000000
1669300959_218901504, 1669300959.218901, 0.863883, -0.503574, 0.010951, 48.223243, 0.503643, 0.863899, -0.004668, -8.674113, -0.007110, 0.009548, 0.999929, -0.033715, 0.000000, 0.000000, 0.000000, 1.000000
1669300961_718074624, 1669300961.718075, 0.829177, -0.558916, 0.008869, 49.220900, 0.558962, 0.829184, -0.003812, -8.930783, -0.005224, 0.008118, 0.999953, -0.045802, 0.000000, 0.000000, 0.000000, 1.000000
1669300963_918281728, 1669300963.918282, 0.787853, -0.615845, 0.004779, 50.234834, 0.615864, 0.787826, -0.006419, -9.111595, 0.000188, 0.008000, 0.999968, -0.060040, 0.000000, 0.000000, 0.000000, 1.000000
1669300969_917487360, 1669300969.917487, 0.782311, -0.622826, 0.008735, 51.275653, 0.622882, 0.782287, -0.006761, -9.250234, -0.002622, 0.010730, 0.999939, -0.071686, 0.000000, 0.000000, 0.000000, 1.000000
1669300971_916446720, 1669300971.916447, 0.888491, -0.458613, 0.016047, 52.296912, 0.458732, 0.888563, -0.004528, -9.479605, -0.012182, 0.011384, 0.999861, -0.089999, 0.000000, 0.000000, 0.000000, 1.000000
1669300973_716674304, 1669300973.716674, 0.784687, -0.619750, 0.013321, 53.296294, 0.619880, 0.784628, -0.010374, -9.664186, -0.004022, 0.016398, 0.999857, -0.109612, 0.000000, 0.000000, 0.000000, 1.000000
1669300979_517779456, 1669300979.517779, 0.781947, -0.623219, 0.012557, 54.289847, 0.623317, 0.781945, -0.006169, -9.790834, -0.005974, 0.012651, 0.999902, -0.127258, 0.000000, 0.000000, 0.000000, 1.000000
1669300981_617707264, 1669300981.617707, 0.782102, -0.623128, 0.005288, 55.307488, 0.623144, 0.782105, -0.001977, -9.919799, -0.002904, 0.004841, 0.999984, -0.140347, 0.000000, 0.000000, 0.000000, 1.000000
1669300987_917544192, 1669300987.917544, 0.822930, -0.568141, 0.001138, 56.346580, 0.568141, 0.822931, 0.000269, -10.088336, -0.001089, 0.000425, 0.999999, -0.152355, 0.000000, 0.000000, 0.000000, 1.000000
1669300989_717526784, 1669300989.717527, 0.823157, -0.567813, 0.001106, 57.335122, 0.567814, 0.823157, -0.000091, -10.284793, -0.000859, 0.000703, 0.999999, -0.161375, 0.000000, 0.000000, 0.000000, 1.000000
1669300991_618086656, 1669300991.618087, 0.823608, -0.567095, 0.008570, 58.339207, 0.567155, 0.823566, -0.008628, -10.488731, -0.002165, 0.011966, 0.999926, -0.175273, 0.000000, 0.000000, 0.000000, 1.000000
1669301023_819367168, 1669301023.819367, 0.824306, -0.566102, 0.006933, 59.354502, 0.566139, 0.824291, -0.005579, -10.693208, -0.002556, 0.008524, 0.999960, -0.191421, 0.000000, 0.000000, 0.000000, 1.000000
1669301025_19363072, 1669301025.019363, 0.787472, -0.616265, 0.010237, 60.388690, 0.616336, 0.787458, -0.006324, -10.864034, -0.004164, 0.011289, 0.999928, -0.206535, 0.000000, 0.000000, 0.000000, 1.000000
1669301026_319255296, 1669301026.319255, 0.791324, -0.611350, 0.007569, 61.454248, 0.611395, 0.791231, -0.012264, -11.018253, 0.001509, 0.014333, 0.999896, -0.222121, 0.000000, 0.000000, 0.000000, 1.000000
1669301035_119186944, 1669301035.119187, 0.816246, -0.577614, 0.010185, 60.439764, 0.577685, 0.816235, -0.006366, -10.847268, -0.004636, 0.011080, 0.999928, -0.208019, 0.000000, 0.000000, 0.000000, 1.000000
1669301037_19324160, 1669301037.019324, 0.827157, -0.561923, 0.007374, 59.450537, 0.561962, 0.827146, -0.005260, -10.631868, -0.003144, 0.008495, 0.999959, -0.192944, 0.000000, 0.000000, 0.000000, 1.000000
1669301058_520538880, 1669301058.520539, 0.794832, -0.606715, 0.011808, 58.451558, 0.606819, 0.794786, -0.009315, -10.466441, -0.003734, 0.014569, 0.999887, -0.175817, 0.000000, 0.000000, 0.000000, 1.000000
1669301061_20618496, 1669301061.020618, 0.793427, -0.608657, 0.003065, 57.413277, 0.608663, 0.793427, -0.001765, -10.311006, -0.001358, 0.003266, 0.999994, -0.161898, 0.000000, 0.000000, 0.000000, 1.000000
1669301062_920742656, 1669301062.920743, 0.840344, -0.542045, 0.003097, 56.380346, 0.542051, 0.840344, -0.001559, -10.134379, -0.001757, 0.002989, 0.999994, -0.151639, 0.000000, 0.000000, 0.000000, 1.000000
1669301092_521776128, 1669301092.521776, 0.814860, -0.579600, 0.008141, 55.394760, 0.579622, 0.814885, -0.000389, -9.909911, -0.006408, 0.005036, 0.999967, -0.141673, 0.000000, 0.000000, 0.000000, 1.000000
1669301095_721775360, 1669301095.721775, 0.812258, -0.583165, 0.012488, 54.385228, 0.583251, 0.812279, -0.004593, -9.728015, -0.007465, 0.011014, 0.999911, -0.127681, 0.000000, 0.000000, 0.000000, 1.000000
1669301098_821208320, 1669301098.821208, 0.811008, -0.584828, 0.015551, 53.388566, 0.584985, 0.810999, -0.008523, -9.551796, -0.007627, 0.016009, 0.999843, -0.109573, 0.000000, 0.000000, 0.000000, 1.000000
1669301105_721414656, 1669301105.721415, 0.812257, -0.583058, 0.016766, 52.398974, 0.583232, 0.812265, -0.008103, -9.374301, -0.008894, 0.016361, 0.999827, -0.093609, 0.000000, 0.000000, 0.000000, 1.000000
1669301108_420680192, 1669301108.420680, 0.813799, -0.581108, 0.006729, 51.388925, 0.581142, 0.813784, -0.005414, -9.188003, -0.002330, 0.008316, 0.999963, -0.073821, 0.000000, 0.000000, 0.000000, 1.000000
1669301116_321245952, 1669301116.321246, 0.815645, -0.578479, 0.009261, 50.400778, 0.578540, 0.815629, -0.006396, -9.006414, -0.003854, 0.010575, 0.999937, -0.061680, 0.000000, 0.000000, 0.000000, 1.000000
1669301118_921615616, 1669301118.921616, 0.783388, -0.621517, 0.004461, 49.406405, 0.621532, 0.783378, -0.004044, -8.849987, -0.000982, 0.005941, 0.999982, -0.049180, 0.000000, 0.000000, 0.000000, 1.000000
1669301125_720931328, 1669301125.720931, 0.829116, -0.558979, 0.010469, 48.402949, 0.559058, 0.829098, -0.007186, -8.686609, -0.004663, 0.011810, 0.999919, -0.037747, 0.000000, 0.000000, 0.000000, 1.000000
1669301129_721677312, 1669301129.721677, 0.828511, -0.559959, 0.003915, 47.405224, 0.559972, 0.828473, -0.007983, -8.478179, 0.001227, 0.008806, 0.999960, -0.021704, 0.000000, 0.000000, 0.000000, 1.000000
1669301137_822118912, 1669301137.822119, 0.813475, -0.581502, 0.010677, 46.423537, 0.581587, 0.813441, -0.008416, -8.280358, -0.003791, 0.013056, 0.999908, -0.004478, 0.000000, 0.000000, 0.000000, 1.000000
1669301141_122605824, 1669301141.122606, 0.779894, -0.625832, 0.009974, 45.395032, 0.625905, 0.779860, -0.007793, -8.148422, -0.002901, 0.012320, 0.999920, 0.016754, 0.000000, 0.000000, 0.000000, 1.000000
1669301148_22972416, 1669301148.022972, 0.800630, -0.598984, 0.014513, 44.400507, 0.599093, 0.800667, -0.004463, -7.961709, -0.008947, 0.012268, 0.999885, 0.030272, 0.000000, 0.000000, 0.000000, 1.000000
1669301223_528412928, 1669301223.528413, 0.792729, -0.609524, 0.007831, 43.374955, 0.609563, 0.792727, -0.004174, -7.807451, -0.003663, 0.008082, 0.999961, 0.036537, 0.000000, 0.000000, 0.000000, 1.000000
1669301225_528311296, 1669301225.528311, 0.793132, -0.609005, 0.007393, 42.382789, 0.609047, 0.793111, -0.006108, -7.662864, -0.002144, 0.009347, 0.999954, 0.056390, 0.000000, 0.000000, 0.000000, 1.000000
1669301232_928971776, 1669301232.928972, 0.793327, -0.608623, 0.014510, 41.372526, 0.608700, 0.793400, -0.001166, -7.512673, -0.010802, 0.009757, 0.999894, 0.071443, 0.000000, 0.000000, 0.000000, 1.000000
1669301235_629853440, 1669301235.629853, 0.819819, -0.572487, 0.012430, 40.350265, 0.572562, 0.819855, -0.003292, -7.341710, -0.008306, 0.009816, 0.999917, 0.089179, 0.000000, 0.000000, 0.000000, 1.000000
1669301242_428756480, 1669301242.428756, 0.822439, -0.568760, 0.010307, 39.355340, 0.568812, 0.822463, -0.002849, -7.145878, -0.006857, 0.008206, 0.999943, 0.103070, 0.000000, 0.000000, 0.000000, 1.000000
1669301245_228772864, 1669301245.228773, 0.825305, -0.564587, 0.010627, 38.362981, 0.564667, 0.825288, -0.007066, -6.944163, -0.004781, 0.011833, 0.999919, 0.117408, 0.000000, 0.000000, 0.000000, 1.000000
1669301254_629609984, 1669301254.629610, 0.823091, -0.567455, 0.022700, 37.367571, 0.567688, 0.823228, -0.005040, -6.736788, -0.015827, 0.017035, 0.999730, 0.135588, 0.000000, 0.000000, 0.000000, 1.000000
1669301258_328868608, 1669301258.328869, 0.823165, -0.567696, 0.010997, 36.356342, 0.567794, 0.823103, -0.010525, -6.541615, -0.003076, 0.014908, 0.999884, 0.161984, 0.000000, 0.000000, 0.000000, 1.000000
1669301293_28823296, 1669301293.028823, 0.823412, -0.567255, 0.014637, 35.351019, 0.567389, 0.823417, -0.007372, -6.337097, -0.007871, 0.014375, 0.999866, 0.180038, 0.000000, 0.000000, 0.000000, 1.000000
1669301295_728130816, 1669301295.728131, 0.824545, -0.565588, 0.015347, 34.366108, 0.565725, 0.824568, -0.006524, -6.135294, -0.008965, 0.014062, 0.999861, 0.205439, 0.000000, 0.000000, 0.000000, 1.000000
1669301302_228346112, 1669301302.228346, 0.822705, -0.568382, 0.009866, 33.359730, 0.568419, 0.822738, -0.001194, -5.925937, -0.007439, 0.006591, 0.999951, 0.224759, 0.000000, 0.000000, 0.000000, 1.000000
1669301308_528955648, 1669301308.528956, 0.796127, -0.604849, 0.018399, 32.358226, 0.604977, 0.796241, -0.001771, -5.756906, -0.013579, 0.012540, 0.999829, 0.241814, 0.000000, 0.000000, 0.000000, 1.000000
1669301310_929727232, 1669301310.929727, 0.796212, -0.604732, 0.018615, 31.367105, 0.604886, 0.796304, -0.003567, -5.604983, -0.012666, 0.014100, 0.999820, 0.262916, 0.000000, 0.000000, 0.000000, 1.000000
1669301313_329418240, 1669301313.329418, 0.795618, -0.605603, 0.015389, 30.362477, 0.605666, 0.795719, 0.000693, -5.449003, -0.012665, 0.008769, 0.999881, 0.284753, 0.000000, 0.000000, 0.000000, 1.000000
1669301323_230305280, 1669301323.230305, 0.796256, -0.604957, 0.002077, 29.341114, 0.604959, 0.796257, -0.000303, -5.295274, -0.001470, 0.001498, 0.999998, 0.302452, 0.000000, 0.000000, 0.000000, 1.000000
1669301325_430559488, 1669301325.430559, 0.797253, -0.603585, 0.008535, 28.335768, 0.603633, 0.797248, -0.004844, -5.141616, -0.003881, 0.009014, 0.999952, 0.316068, 0.000000, 0.000000, 0.000000, 1.000000
1669301331_429749248, 1669301331.429749, 0.797261, -0.603558, 0.009623, 27.346848, 0.603600, 0.797284, -0.002060, -4.984022, -0.006429, 0.007451, 0.999952, 0.332191, 0.000000, 0.000000, 0.000000, 1.000000
1669301333_929298432, 1669301333.929298, 0.797627, -0.602904, 0.017293, 26.335517, 0.603048, 0.797694, -0.004307, -4.829584, -0.011197, 0.013864, 0.999841, 0.348550, 0.000000, 0.000000, 0.000000, 1.000000
1669301336_229578496, 1669301336.229578, 0.795406, -0.605812, 0.017908, 25.316506, 0.605968, 0.795476, -0.004555, -4.675102, -0.011486, 0.014475, 0.999829, 0.369607, 0.000000, 0.000000, 0.000000, 1.000000
1669301344_229549568, 1669301344.229550, 0.796066, -0.605150, 0.008459, 24.261788, 0.605209, 0.795995, -0.010657, -4.520119, -0.000284, 0.013604, 0.999907, 0.386863, 0.000000, 0.000000, 0.000000, 1.000000
1669301346_29277184, 1669301346.029277, 0.795497, -0.605895, 0.008703, 23.267601, 0.605953, 0.795463, -0.007684, -4.367851, -0.002267, 0.011386, 0.999933, 0.401738, 0.000000, 0.000000, 0.000000, 1.000000
1669301347_829658112, 1669301347.829658, 0.795666, -0.605650, 0.010141, 22.261056, 0.605733, 0.795600, -0.010408, -4.218622, -0.001765, 0.014424, 0.999894, 0.413774, 0.000000, 0.000000, 0.000000, 1.000000
1669301353_830097920, 1669301353.830098, 0.801037, -0.598590, 0.005405, 21.244175, 0.598614, 0.800997, -0.008093, -4.066544, 0.000515, 0.009718, 0.999953, 0.429897, 0.000000, 0.000000, 0.000000, 1.000000
1669301355_530104064, 1669301355.530104, 0.854094, -0.519924, 0.014196, 20.265600, 0.520054, 0.854098, -0.007698, -3.826767, -0.008123, 0.013958, 0.999870, 0.446663, 0.000000, 0.000000, 0.000000, 1.000000
1669301357_330893824, 1669301357.330894, 0.810585, -0.585612, 0.003327, 19.251767, 0.585622, 0.810570, -0.004838, -3.603248, 0.000137, 0.005869, 0.999983, 0.462505, 0.000000, 0.000000, 0.000000, 1.000000
1669301362_930226176, 1669301362.930226, 0.802410, -0.596636, 0.012805, 18.242673, 0.596751, 0.802382, -0.008439, -3.434388, -0.005240, 0.014413, 0.999882, 0.474380, 0.000000, 0.000000, 0.000000, 1.000000
1669301364_630139648, 1669301364.630140, 0.800827, -0.598721, 0.014490, 17.204647, 0.598855, 0.800821, -0.007624, -3.266735, -0.007039, 0.014783, 0.999866, 0.491716, 0.000000, 0.000000, 0.000000, 1.000000
1669301366_230387968, 1669301366.230388, 0.801720, -0.597576, 0.012124, 16.190098, 0.597682, 0.801688, -0.008588, -3.102630, -0.004588, 0.014131, 0.999890, 0.513287, 0.000000, 0.000000, 0.000000, 1.000000
1669301372_231329024, 1669301372.231329, 0.803307, -0.595529, 0.006624, 15.194199, 0.595561, 0.803294, -0.005035, -2.939311, -0.002323, 0.007989, 0.999965, 0.531051, 0.000000, 0.000000, 0.000000, 1.000000
1669301374_31044352, 1669301374.031044, 0.802082, -0.597087, 0.012321, 14.154504, 0.597174, 0.802097, -0.004887, -2.773525, -0.006965, 0.011278, 0.999912, 0.550210, 0.000000, 0.000000, 0.000000, 1.000000
1669301375_831673344, 1669301375.831673, 0.833695, -0.552159, 0.008524, 13.101103, 0.552225, 0.833605, -0.012247, -2.604907, -0.000344, 0.014917, 0.999889, 0.561224, 0.000000, 0.000000, 0.000000, 1.000000
1669301377_431734016, 1669301377.431734, 0.868302, -0.496023, 0.003588, 12.123779, 0.496029, 0.868227, -0.011736, -2.338042, 0.002706, 0.011970, 0.999925, 0.577547, 0.000000, 0.000000, 0.000000, 1.000000
1669301383_231226880, 1669301383.231227, 0.799466, -0.600470, 0.017049, 11.126094, 0.600697, 0.799326, -0.015547, -2.104797, -0.004292, 0.022671, 0.999734, 0.598498, 0.000000, 0.000000, 0.000000, 1.000000
1669301384_931280128, 1669301384.931280, 0.794229, -0.607488, 0.012588, 10.109929, 0.607618, 0.794077, -0.015556, -1.951858, -0.000546, 0.020003, 0.999800, 0.619993, 0.000000, 0.000000, 0.000000, 1.000000
1669301386_531168768, 1669301386.531169, 0.789351, -0.613751, 0.015306, 9.087680, 0.613919, 0.789294, -0.010929, -1.801524, -0.005374, 0.018023, 0.999823, 0.632934, 0.000000, 0.000000, 0.000000, 1.000000
1669301392_631063040, 1669301392.631063, 0.786607, -0.617313, 0.013206, 8.094331, 0.617419, 0.786611, -0.006087, -1.662491, -0.006630, 0.012942, 0.999894, 0.655639, 0.000000, 0.000000, 0.000000, 1.000000
1669301394_231291392, 1669301394.231291, 0.787471, -0.616270, 0.010036, 7.090887, 0.616345, 0.787432, -0.008341, -1.527373, -0.002762, 0.012754, 0.999915, 0.672807, 0.000000, 0.000000, 0.000000, 1.000000
1669301400_230781184, 1669301400.230781, 0.789524, -0.613633, 0.010257, 6.078570, 0.613717, 0.789454, -0.010677, -1.388471, -0.001546, 0.014724, 0.999890, 0.686386, 0.000000, 0.000000, 0.000000, 1.000000
1669301401_930804736, 1669301401.930805, 0.790725, -0.612122, 0.007825, 5.057180, 0.612170, 0.790692, -0.007408, -1.241355, -0.001653, 0.010648, 0.999942, 0.704367, 0.000000, 0.000000, 0.000000, 1.000000
1669301403_530288640, 1669301403.530289, 0.856725, -0.515657, 0.010955, 4.015916, 0.515719, 0.856750, -0.003717, -1.015873, -0.007469, 0.008834, 0.999933, 0.720017, 0.000000, 0.000000, 0.000000, 1.000000
1669301409_530365184, 1669301409.530365, 0.861731, -0.507184, 0.013577, 3.023416, 0.507259, 0.861790, -0.002554, -0.748029, -0.010405, 0.009088, 0.999905, 0.739292, 0.000000, 0.000000, 0.000000, 1.000000
1669301411_530880768, 1669301411.530881, 0.827930, -0.560661, 0.013807, 2.037692, 0.560779, 0.827938, -0.006720, -0.501540, -0.007663, 0.013307, 0.999882, 0.756361, 0.000000, 0.000000, 0.000000, 1.000000
1669301416_630678784, 1669301416.630679, 0.820769, -0.570874, 0.021010, 1.054047, 0.571129, 0.820814, -0.008731, -0.300210, -0.012260, 0.019166, 0.999741, 0.773040, 0.000000, 0.000000, 0.000000, 1.000000
1669301418_931446016, 1669301418.931446, 0.821733, -0.569769, 0.010864, 0.042150, 0.569862, 0.821682, -0.009761, -0.104304, -0.003366, 0.014212, 0.999893, 0.793514, 0.000000, 0.000000, 0.000000, 1.000000
